0.00925926 
0.01242236 
0.00787402 
0.00507614 
0.01754386 
0.00769231 
0.03773585 
0.00606061 
0.00486618 
0.01351351 
0.01149425 
0.00387597 
0.00374532 
0.00224719 
0.00383877 
0.00428266 
0.00397614 
0.00284495 
0.004 
0.00701754 
0.00260756 
0.0034904 
0.00269542 
0.02083333 
0.00641026 
0.00425532 
0.03333333 
0.01041667 
0.01459854 
0.00913242 
0.00684932 
0.00775194 
0.00819672 
0.00722022 
0.00508906 
0.01550388 
0.00362976 
0.00677966 
0.01438849 
0.01298701 
0.00862069 
0.00412371 
0.00429185 
0.00390625 
0.00225479 
0.00321027 
0.00384615 
0.00294985 
0.01801802 
0.00655738 
0.00947867 
0.00378072 
0.00793651 
0.00403226 
0.00540541 
0.00634921 
0.00524934 
0.00280899 
0.00442478 
0.00352113 
0.00588235 
0.00356506 
0.00256739 
0.00235571 
