0.831239 1.0 0.423077 0.034346 
0.872811 1.0 0.402036 0.035272 
0.883205 1.0 0.455643 0.025348 
0.881622 1.0 0.47039 0.021455 
0.875424 1.0 0.437154 0.046955 
0.845313 1.0 0.392465 0.048251 
0.844153 1.0 0.445272 0.036194 
0.881181 1.0 0.462428 0.012828 
0.860493 1.0 0.418943 0.030981 
0.849618 1.0 0.451299 0.01694 
0.842235 1.0 0.445065 0.009462 
0.848482 1.0 0.45213 0.031664 
0.855231 1.0 0.456816 0.014087 
0.876439 1.0 0.456305 0.011987 
0.844425 1.0 0.392129 0.03202 
0.869325 1.0 0.424885 0.034636 
0.847745 1.0 0.431167 0.024639 
0.848186 1.0 0.421456 0.015405 
0.88801 1.0 0.408534 0.045221 
0.884366 1.0 0.415912 0.030675 
0.847161 1.0 0.454949 0.009067 
0.869641 1.0 0.442173 0.020609 
0.868573 1.0 0.388806 0.025318 
0.873445 1.0 0.436245 0.121321 
0.893611 1.0 0.424359 0.035745 
0.845624 1.0 0.42017 0.015586 
0.880927 1.0 0.470032 0.024512 
0.868026 1.0 0.41779 0.044534 
0.883675 1.0 0.434513 0.018545 
0.88373 1.0 0.444846 0.011081 
0.832479 1.0 0.411771 0.015163 
0.866803 1.0 0.462514 0.046039 
0.849164 1.0 0.447168 0.015105 
0.840326 1.0 0.440061 0.051827 
0.865584 1.0 0.443387 0.032647 
0.885522 1.0 0.462906 0.024715 
0.85885 1.0 0.451537 0.024619 
0.862033 1.0 0.409738 0.017697 
0.861152 1.0 0.438511 0.047965 
0.895659 1.0 0.434877 0.029323 
0.833146 1.0 0.408563 0.040245 
0.884167 1.0 0.448441 0.013181 
0.846363 1.0 0.411524 0.008287 
0.8368 1.0 0.440925 0.043307 
0.877228 1.0 0.461503 0.06157 
0.853481 1.0 0.41013 0.021362 
0.881345 1.0 0.428623 0.017959 
0.849597 1.0 0.404716 0.020566 
0.883905 1.0 0.469534 0.046252 
0.890769 1.0 0.423941 0.069468 
0.851493 1.0 0.458074 0.022373 
0.87878 1.0 0.430439 0.041358 
0.87546 1.0 0.425029 0.010071 
0.868277 1.0 0.425887 0.014777 
0.868899 1.0 0.464081 0.018523 
0.876362 1.0 0.461045 0.018643 
0.829122 1.0 0.416645 0.037957 
0.885187 1.0 0.464846 0.038002 
0.843254 1.0 0.436032 0.020288 
0.892376 1.0 0.45533 0.021664 
0.883701 1.0 0.458939 0.059838 
0.826909 1.0 0.413224 0.018072 
0.862714 1.0 0.451455 0.040351 
0.85937 1.0 0.42872 0.095946 
0.85576 1.0 0.410894 0.026259 
0.85594 1.0 0.451827 0.020292 
0.848768 1.0 0.41487 0.011662 
0.877438 1.0 0.461836 0.012891 
0.851919 1.0 0.457515 0.017758 
0.853384 1.0 0.405891 0.067986 
0.852054 1.0 0.397683 0.027712 
0.869025 1.0 0.45355 0.024732 
0.878042 1.0 0.44064 0.034044 
0.873337 1.0 0.416488 0.0506 
0.848218 1.0 0.457378 0.028951 
0.85257 1.0 0.458643 0.032524 
0.864654 1.0 0.400617 0.024691 
0.846719 1.0 0.457175 0.026069 
0.831409 1.0 0.400069 0.054043 
0.868535 1.0 0.435574 0.027939 
0.875496 1.0 0.459182 0.00826 
0.88613 1.0 0.459731 0.055563 
0.894433 1.0 0.460905 0.024057 
0.857225 1.0 0.465562 0.040189 
0.846644 1.0 0.454402 0.031079 
0.862044 1.0 0.417449 0.031638 
0.855281 1.0 0.42639 0.013768 
0.839132 1.0 0.439991 0.034119 
0.842353 1.0 0.451296 0.034976 
0.858269 1.0 0.463955 0.030749 
0.889187 1.0 0.427281 0.020148 
0.890167 1.0 0.440853 0.0276 
0.861068 1.0 0.442892 0.034857 
0.857176 1.0 0.398659 0.011735 
0.847331 1.0 0.401302 0.024134 
0.845591 1.0 0.436475 0.015423 
0.888256 1.0 0.44569 0.028204 
0.892457 1.0 0.441646 0.007649 
0.873567 1.0 0.435175 0.029066 
0.855258 1.0 0.42514 0.061317 
0.849022 1.0 0.452458 0.029913 
0.847084 1.0 0.423005 0.027358 
0.876046 1.0 0.45921 0.022853 
0.878699 1.0 0.460946 0.053256 
0.857734 1.0 0.451541 0.012553 
0.892522 1.0 0.455098 0.029128 
0.891278 1.0 0.421801 0.02847 
0.886005 1.0 0.450251 0.071287 
0.881136 1.0 0.461132 0.024182 
0.846034 1.0 0.442299 0.027265 
0.842614 1.0 0.438277 0.03243 
0.84699 1.0 0.433152 0.041701 
0.887165 1.0 0.44714 0.030382 
0.860411 1.0 0.466842 0.032278 
0.863656 1.0 0.457909 0.018893 
0.858895 1.0 0.455514 0.020213 
0.881702 1.0 0.422084 0.044723 
0.858916 1.0 0.432786 0.038845 
0.856902 1.0 0.4642 0.011909 
0.843674 1.0 0.395571 0.021458 
0.854648 1.0 0.44137 0.024581 
0.858377 1.0 0.461569 0.060875 
0.855404 1.0 0.463811 0.036408 
0.893558 1.0 0.431042 0.03522 
0.884583 1.0 0.425234 0.025427 
0.863247 1.0 0.468724 0.037358 
0.860013 1.0 0.430742 0.014713 
0.878639 1.0 0.420629 0.026807 
