sigma_sub LOS_normalization log_m_host log_black_hole_mass source_size_pc gamma gamma_ext a4 summary_statistic 
0.070482 0.853678 13.113019 5.866761 38.282826 1.91743 0.194818 0.005109 0.042717 
0.054285 0.890796 13.136719 5.888144 52.029664 1.960859 0.210007 -0.023588 0.037349 
sigma_sub LOS_normalization log_m_host log_black_hole_mass source_size_pc gamma gamma_ext a4 summary_statistic 
0.007579 0.906699 13.244889 5.471543 47.083929 2.122052 0.211571 0.008405 0.037714 
0.098104 0.911648 13.997755 5.877547 34.785919 1.967089 0.132359 0.015023 0.048741 
sigma_sub LOS_normalization log_m_host log_black_hole_mass source_size_pc gamma gamma_ext a4 summary_statistic 
0.073654 0.851247 13.153345 5.336437 29.237508 1.942188 0.238556 0.01015 0.021369 
0.040703 0.948883 13.192981 5.575968 35.828146 1.943913 0.257918 -0.011234 0.035901 
sigma_sub LOS_normalization log_m_host log_black_hole_mass source_size_pc gamma gamma_ext a4 summary_statistic 
0.009289 1.094428 13.194569 5.353432 27.045275 2.073324 0.247078 -0.00191 0.040123 
0.090733 0.81657 12.619322 5.602104 54.812972 2.001543 0.129767 0.001849 0.041889 
0.020427 0.812505 13.242921 5.896311 48.137121 2.104539 0.26019 -0.002298 0.007069 
0.088053 1.020704 13.639794 5.509846 54.408576 1.998113 0.15927 0.005763 0.039887 
sigma_sub LOS_normalization log_m_host log_black_hole_mass source_size_pc gamma gamma_ext a4 summary_statistic 
0.002439 0.947843 13.17933 5.497083 36.908284 2.026726 0.122242 -0.006884 0.042042 
0.037919 1.17627 13.087259 5.70217 31.431184 2.156369 0.255637 -0.001147 0.042056 
0.042351 0.887359 12.993813 5.879675 36.768674 2.172087 0.22177 0.002265 0.040642 
0.046223 0.979467 13.116696 5.51813 49.949244 2.008155 0.12429 0.001607 0.034617 
0.084255 1.190419 14.05818 5.80698 37.581737 1.928774 0.19385 0.00123 0.036484 
0.003431 1.104941 13.632421 5.559466 56.62334 2.146143 0.303401 -0.02977 0.013726 
sigma_sub LOS_normalization log_m_host log_black_hole_mass source_size_pc gamma gamma_ext a4 summary_statistic 
0.09676 0.840417 13.326221 5.682586 42.339946 1.949423 0.147315 -0.016214 0.02239 
0.00493 0.824819 13.372227 5.389158 32.593455 1.977797 0.140319 -0.012964 0.016525 
0.071337 1.039707 13.466826 5.57494 51.088135 1.906263 0.210562 0.014702 0.049899 
0.002378 0.816654 12.543841 5.892007 46.012441 1.972478 0.162759 -0.006763 0.039864 
0.027604 1.1674 13.310535 5.885712 42.874622 2.039525 0.122648 -0.003301 0.046525 
0.041695 0.885036 13.869217 5.671354 47.273836 1.954019 0.145953 -0.006831 0.019465 
0.010022 1.075064 13.024337 5.668692 25.947138 1.995136 0.148745 -0.003704 0.047626 
0.066222 1.134627 12.857743 5.67527 49.603282 1.918492 0.333641 -0.00727 0.018969 
0.096581 1.189391 13.41875 5.882116 40.999938 1.955896 0.216488 -0.000918 0.047604 
0.069874 1.037254 13.397463 5.543666 34.266271 1.985933 0.154616 -0.00076 0.02003 
sigma_sub LOS_normalization log_m_host log_black_hole_mass source_size_pc gamma gamma_ext a4 summary_statistic 
0.05138 1.134487 13.257067 5.377993 25.189218 1.981611 0.174682 0.013732 0.048305 
0.036588 1.04577 13.122083 4.315777 57.301306 1.918035 0.333483 -0.01991 0.016575 
sigma_sub LOS_normalization log_m_host log_black_hole_mass source_size_pc gamma gamma_ext a4 summary_statistic 
0.029475 0.896615 13.61105 5.948761 41.706659 2.040794 0.157198 -0.008255 0.031212 
0.074609 0.897108 13.514154 5.774283 38.525419 2.169184 0.182797 0.005727 0.032649 
sigma_sub LOS_normalization log_m_host log_black_hole_mass source_size_pc gamma gamma_ext a4 summary_statistic 
0.012384 0.894042 13.211313 5.76949 46.368303 2.105459 0.193781 -0.00798 0.03841 
0.05933 1.096019 13.593316 5.808365 41.082549 2.011512 0.244589 0.004691 0.040765 
sigma_sub LOS_normalization log_m_host log_black_hole_mass source_size_pc gamma gamma_ext a4 summary_statistic 
0.023142 1.099168 12.977318 5.359132 44.769811 2.060771 0.172385 0.017751 0.035782 
0.087813 1.12394 13.563119 5.919293 42.296506 2.139394 0.306522 -0.0047 0.040067 
0.07469 1.130799 13.609858 5.899213 58.10035 1.916181 0.176227 0.001617 0.019806 
0.089333 0.862849 13.438384 5.400018 42.247525 1.906758 0.132411 0.004166 0.044263 
0.020356 1.019407 13.023517 5.624343 55.174817 2.157996 0.230364 -0.006678 0.031776 
0.039618 0.824109 12.77416 5.613758 41.099534 2.037172 0.153495 0.025189 0.018776 
0.092675 1.182349 13.250286 5.687721 47.458199 2.060238 0.262157 -0.009033 0.015448 
0.091833 0.891782 13.601868 5.494508 36.475143 2.010078 0.20776 0.009583 0.047248 
0.065407 1.096958 13.13417 5.49857 41.753879 1.989989 0.268757 0.030773 0.037588 
0.024124 0.990398 12.893224 5.892649 30.703743 2.129647 0.174063 0.005712 0.034423 
sigma_sub LOS_normalization log_m_host log_black_hole_mass source_size_pc gamma gamma_ext a4 summary_statistic 
0.000264 1.00266 13.296854 5.688606 34.404509 2.111487 0.145803 0.008393 0.020179 
0.048672 1.080829 12.751311 5.215577 30.611771 2.123341 0.293272 -0.008641 0.046099 
0.009031 1.088694 12.83059 5.797351 41.360978 1.927288 0.24802 -0.005188 0.039561 
0.078754 1.006275 13.381874 5.971589 41.502465 2.189897 0.232384 -0.000265 0.01606 
0.090475 1.084062 13.259341 5.78267 25.642521 2.186553 0.203616 -0.002643 0.029493 
0.091927 1.168415 13.60429 5.82809 51.545485 2.157463 0.247428 -0.011198 0.022612 
0.03872 1.110113 12.815734 5.700795 37.966628 2.01627 0.241691 0.00773 0.048742 
0.010824 0.821396 13.361709 5.392857 50.951657 2.055067 0.344788 -0.017409 0.0443 
0.057575 1.00052 13.135172 5.508146 33.897457 2.075019 0.192605 0.019857 0.045714 
0.058858 0.948704 13.399785 5.822999 26.688257 2.07903 0.290147 -0.005197 0.025382 
0.010135 1.015555 13.457289 5.424944 27.251346 2.019786 0.136461 -0.01115 0.022429 
0.070052 1.120064 13.852342 5.461827 37.509581 2.030543 0.189214 0.004427 0.011611 
0.085238 1.028981 13.637356 5.906753 58.129191 2.147966 0.195413 0.013405 0.041937 
0.03674 1.189002 13.025649 5.764593 40.053057 2.003911 0.153873 0.025836 0.038873 
0.067712 1.10189 12.96502 5.678092 57.889346 1.93513 0.203533 -0.00569 0.044148 
0.008553 1.131065 13.504143 5.458241 32.577053 2.076769 0.287254 -0.003678 0.045407 
0.092876 0.893836 13.288474 5.83335 59.682061 2.150747 0.221111 -0.018654 0.03268 
0.08031 0.980351 13.274806 5.470725 54.655808 2.190768 0.252633 -0.012772 0.04539 
0.047321 1.104361 13.542872 5.688025 40.177563 1.912648 0.203679 -0.004634 0.040357 
0.011439 1.195695 13.210477 5.791493 48.235015 2.016831 0.147522 -0.005356 0.046651 
0.067993 0.903954 13.406713 5.187278 38.884933 1.978113 0.225801 0.016085 0.02955 
0.037267 1.058337 13.26172 5.694302 45.786108 1.992427 0.323116 -0.010996 0.005078 
0.099051 0.881113 13.225616 5.718833 38.696574 1.923194 0.146758 -0.004614 0.014872 
0.090824 0.934449 13.21806 5.713611 40.19251 2.091331 0.194541 -0.000148 0.034322 
0.027187 0.847134 13.248254 5.615889 38.786145 2.046542 0.147539 -0.000155 0.016305 
0.07808 1.15143 13.206991 5.792886 57.150896 2.087407 0.145113 0.000673 0.039835 
0.086791 0.916878 13.14677 5.683181 59.760287 2.111319 0.234183 -0.00095 0.044485 
0.006633 1.096119 13.003023 5.945308 33.868448 2.127228 0.340994 0.007628 0.020345 
0.020288 0.838041 13.505169 5.955299 43.914282 1.99131 0.193798 0.000339 0.029226 
0.026306 0.991954 14.110358 5.890583 51.51214 1.957929 0.16027 0.005477 0.030497 
0.049985 1.121682 12.61719 5.713659 35.078146 1.994689 0.176843 -0.004008 0.02529 
0.046601 1.000427 13.218121 5.392581 47.834371 1.97066 0.26851 -0.014355 0.024824 
0.047758 0.845774 13.352741 5.664725 40.262137 1.947754 0.160192 0.014278 0.048124 
0.050355 0.846822 13.360978 5.675658 31.993677 1.927662 0.154746 -4.2e-05 0.0451 
0.075491 1.051313 13.671981 5.790455 39.844936 2.180503 0.25618 0.002268 0.031157 
0.007627 1.067802 13.50531 5.75296 55.313919 1.945027 0.18203 -0.002605 0.049567 
0.088325 0.808309 13.468731 5.619665 32.347969 2.096464 0.316028 0.001518 0.041861 
0.042934 1.048287 13.117265 5.480872 34.954322 2.115632 0.256614 0.001305 0.013805 
0.099178 1.036625 13.199286 5.807223 26.198949 2.071388 0.137866 -0.005585 0.036996 
0.01415 0.964192 12.542603 5.67613 56.182295 2.092993 0.329643 -0.009276 0.042404 
0.060216 1.126203 13.352475 5.700911 41.628141 2.041399 0.173511 -0.013653 0.049546 
0.001967 0.936598 13.403414 5.313207 57.47869 2.071864 0.310676 -0.024234 0.049227 
0.091047 1.115021 12.962835 5.487533 53.034741 2.055122 0.266984 -0.00148 0.046795 
0.056152 0.860497 13.35779 5.763468 34.982356 2.095631 0.252414 0.005902 0.009971 
0.025532 1.001571 13.533062 5.454965 29.785629 2.007847 0.147447 0.000383 0.007891 
0.088375 1.096345 13.695425 5.510486 47.721185 2.075093 0.266584 0.000365 0.041781 
0.03714 1.165084 13.893218 5.789053 48.201568 2.066989 0.257637 0.00758 0.048238 
0.012384 1.174222 13.012888 5.211407 29.227219 2.076986 0.25503 0.00431 0.04682 
0.030223 1.069569 13.39563 5.656778 40.53002 1.93309 0.126064 0.012598 0.040632 
0.094564 1.07941 13.452345 5.534776 55.854654 2.002247 0.213612 -0.006712 0.039761 
0.009535 1.009335 13.626659 5.663153 35.865424 2.127656 0.257982 0.02425 0.020485 
0.019766 0.921109 12.886622 5.517854 27.756215 1.959052 0.120348 -0.002432 0.029146 
0.061397 1.188951 12.996904 5.740531 35.185605 2.193189 0.248784 0.009044 0.026655 
0.027525 0.875733 13.953152 5.534635 46.6764 1.974727 0.144195 0.014634 0.029761 
0.025571 0.898949 12.741186 5.415586 25.756908 2.018545 0.23515 -0.003379 0.037887 
0.06902 1.007841 13.168021 5.742833 51.480055 2.010398 0.122502 -0.012285 0.042292 
0.030414 0.969489 13.013901 5.55309 40.688922 2.121298 0.277579 0.03369 0.01859 
0.020911 1.109052 13.256295 5.450998 48.435647 1.94196 0.309841 -0.014099 0.00748 
0.001086 0.803791 13.596844 5.672998 33.24893 1.939384 0.204569 -0.009931 0.04166 
0.060049 1.146303 13.2868 5.830194 54.30177 2.159754 0.280827 0.016746 0.018479 
0.091905 1.103083 13.489791 5.815236 36.664458 1.998256 0.155156 0.011661 0.037091 
0.021202 1.189038 13.031477 5.851339 30.635344 1.919843 0.16845 0.00281 0.039492 
0.053889 0.882093 13.212264 5.313688 45.655546 2.176105 0.205325 -0.011724 0.03276 
0.024971 0.813428 12.566088 5.736675 31.924964 2.108418 0.250637 -0.009198 0.045744 
0.004181 1.154467 13.006361 5.792808 25.346838 2.182648 0.235362 -0.000483 0.045744 
0.00545 0.878765 13.645754 5.750656 34.431908 2.080255 0.339547 -0.00302 0.037142 
0.048462 0.945511 12.998935 5.777536 51.91494 2.109688 0.212531 0.00201 0.040402 
0.030351 0.912737 13.042218 5.939969 49.785051 2.070957 0.230181 0.003011 0.034454 
0.022003 1.08898 13.580333 5.757906 47.173654 1.902272 0.124052 0.007809 0.035742 
0.036942 1.134391 13.555157 5.488657 57.062833 2.064838 0.263558 -0.021517 0.024869 
0.061345 0.822265 12.786216 5.629533 45.950139 2.100815 0.244538 0.004821 0.037264 
0.017971 1.190828 13.643561 5.316358 29.699505 1.999515 0.205409 0.008677 0.048771 
0.075376 1.026146 13.291478 5.543809 34.273279 2.116858 0.208296 -0.005342 0.036674 
0.053671 0.847601 13.249574 5.436967 59.85591 2.061998 0.206301 -0.003289 0.036413 
0.075948 0.980652 13.271875 4.009493 53.934646 2.018801 0.330502 -0.023846 0.032915 
0.003561 0.820468 13.408315 5.196144 46.549643 2.104365 0.301001 -0.017632 0.010095 
0.09263 1.182913 13.106865 5.878334 37.890688 2.19101 0.196567 -0.00667 0.048009 
0.052986 1.130297 13.57661 5.731672 28.223228 2.147614 0.243734 0.00704 0.033706 
0.06902 1.095915 13.161744 5.499175 27.000777 1.98553 0.168269 -0.017198 0.023676 
0.010942 1.078922 12.594734 5.406611 37.235471 1.941497 0.23923 -0.008939 0.04397 
0.016985 1.114842 13.551681 5.777922 46.584248 1.997566 0.241635 0.007551 0.04875 
0.072185 1.093252 13.507367 5.414863 33.466115 2.122668 0.254342 0.016916 0.045103 
0.068529 0.987601 12.805184 5.946374 43.935012 1.927468 0.13928 0.001689 0.035084 
0.007716 0.824086 13.235111 5.38691 44.027366 1.91186 0.207374 0.00927 0.049314 
0.079388 0.971421 13.424234 5.721864 49.921863 2.119747 0.194553 0.008072 0.006968 
0.04533 0.958071 13.46323 5.793654 36.3098 2.095435 0.192338 0.003191 0.029012 
