1.7 
1.71 
1.75 
1.81 
1.62 
1.67 
1.7 
1.77 
2.29 
2.49 
2.72 
1.6 
1.6 
1.56 
1.7 
2.57 
2.64 
2.86 
1.69 
1.7 
2.44 
2.44 
1.7 
2.46 
1.82 
2.86 
2.89 
3.17 
2.61 
2.75 
2.61 
2.65 
2.03 
1.99 
2.16 
2.24 
2.63 
2.66 
1.5 
1.79 
1.59 
1.61 
2.78 
1.83 
1.84 
1.83 
1.85 
2.57 
1.6 
1.57 
1.66 
1.68 
1.65 
1.7 
1.74 
1.78 
1.59 
1.62 
1.64 
1.74 
2.88 
3.21 
2.89 
3.09 
2.59 
2.38 
2.34 
3.81 
2.73 
2.21 
2.47 
2.5 
1.76 
1.99 
1.51 
1.56 
1.66 
1.68 
1.57 
1.65 
1.67 
1.71 
2.21 
2.36 
2.52 
1.68 
1.63 
1.72 
1.73 
2.4 
2.55 
1.96 
1.56 
1.68 
1.7 
2.48 
2.48 
2.51 
1.91 
2.37 
2.08 
2.73 
2.42 
2.44 
3.06 
2.45 
1.72 
1.63 
1.8 
1.85 
2.35 
1.57 
2.59 
1.7 
1.75 
1.56 
1.65 
1.65 
2.81 
1.86 
1.92 
2.51 
1.44 
1.51 
1.74 
1.69 
1.69 
1.69 
1.74 
1.79 
1.68 
1.68 
1.72 
1.71 
2.27 
2.44 
2.64 
2.27 
2.37 
2.55 
2.41 
2.27 
2.47 
2.29 
2.43 
2.44 
1.57 
1.62 
1.63 
1.67 
1.61 
1.63 
1.65 
1.65 
2.22 
2.54 
2.83 
1.57 
1.6 
1.68 
1.66 
2.32 
2.6 
1.96 
1.62 
2.37 
1.64 
1.69 
2.49 
1.78 
2.62 
2.2 
1.99 
2.25 
2.39 
3.62 
2.61 
2.39 
1.64 
1.65 
1.67 
1.73 
2.28 
2.38 
1.65 
1.67 
1.74 
1.63 
1.65 
1.66 
2.78 
1.88 
1.92 
2.63 
1.52 
1.61 
1.65 
1.78 
1.77 
1.63 
